(kicad_pcb (version 20171130) (host pcbnew 5.0.2+dfsg1-1)

  (general
    (thickness 1.6)
    (drawings 0)
    (tracks 0)
    (zones 0)
    (modules 42)
    (nets 58)
  )

  (page User 299.999 299.999)
  (title_block
    (title "Dimmable Ceiling Light Controller")
    (date 2019-08-02)
    (rev v1.1.0)
    (company slimc)
    (comment 1 "Open Source Project")
    (comment 2 github.com/slimcdk/smart-home-modules)
    (comment 3 "Smart Home Modules")
    (comment 4 "Auther: Christian Skjerning | slimc")
  )

  (layers
    (0 F.Cu signal)
    (31 B.Cu signal)
    (32 B.Adhes user)
    (33 F.Adhes user)
    (34 B.Paste user)
    (35 F.Paste user)
    (36 B.SilkS user)
    (37 F.SilkS user)
    (38 B.Mask user)
    (39 F.Mask user)
    (40 Dwgs.User user)
    (41 Cmts.User user)
    (42 Eco1.User user)
    (43 Eco2.User user)
    (44 Edge.Cuts user)
    (45 Margin user)
    (46 B.CrtYd user)
    (47 F.CrtYd user)
    (48 B.Fab user)
    (49 F.Fab user)
  )

  (setup
    (last_trace_width 0.25)
    (trace_clearance 0.2)
    (zone_clearance 0.508)
    (zone_45_only no)
    (trace_min 0.2)
    (segment_width 0.2)
    (edge_width 0.2)
    (via_size 0.8)
    (via_drill 0.4)
    (via_min_size 0.4)
    (via_min_drill 0.3)
    (uvia_size 0.3)
    (uvia_drill 0.1)
    (uvias_allowed no)
    (uvia_min_size 0.2)
    (uvia_min_drill 0.1)
    (pcb_text_width 0.3)
    (pcb_text_size 1.5 1.5)
    (mod_edge_width 0.15)
    (mod_text_size 1 1)
    (mod_text_width 0.15)
    (pad_size 3 3)
    (pad_drill 1.52)
    (pad_to_mask_clearance 0)
    (solder_mask_min_width 0.25)
    (aux_axis_origin 0 0)
    (visible_elements FFFFFF7F)
    (pcbplotparams
      (layerselection 0x010f0_ffffffff)
      (usegerberextensions false)
      (usegerberattributes false)
      (usegerberadvancedattributes false)
      (creategerberjobfile false)
      (excludeedgelayer true)
      (linewidth 0.100000)
      (plotframeref false)
      (viasonmask false)
      (mode 1)
      (useauxorigin false)
      (hpglpennumber 1)
      (hpglpenspeed 20)
      (hpglpendiameter 15.000000)
      (psnegative false)
      (psa4output false)
      (plotreference true)
      (plotvalue true)
      (plotinvisibletext false)
      (padsonsilk false)
      (subtractmaskfromsilk false)
      (outputformat 1)
      (mirror false)
      (drillshape 0)
      (scaleselection 1)
      (outputdirectory "../../exports/dimmable/gerbers"))
  )

  (net 0 "")
  (net 1 "Net-(F1-Pad2)")
  (net 2 "Net-(R1-Pad1)")
  (net 3 +3V3)
  (net 4 GND)
  (net 5 "Net-(R10-Pad1)")
  (net 6 "Net-(C2-Pad1)")
  (net 7 "Net-(U6-Pad17)")
  (net 8 "Net-(U6-Pad18)")
  (net 9 "Net-(U6-Pad19)")
  (net 10 "Net-(U6-Pad20)")
  (net 11 "Net-(U6-Pad21)")
  (net 12 "Net-(U6-Pad22)")
  (net 13 "Net-(U6-Pad32)")
  (net 14 /ESP32_BOOT)
  (net 15 /ESP32_RXD)
  (net 16 /ESP32_TXD)
  (net 17 /ESP32_RST)
  (net 18 "Net-(C2-Pad2)")
  (net 19 "Net-(J1-Pad2)")
  (net 20 "Net-(F2-Pad2)")
  (net 21 "Net-(Q1-Pad1)")
  (net 22 "Net-(R10-Pad2)")
  (net 23 "Net-(R9-Pad2)")
  (net 24 "Net-(R8-Pad2)")
  (net 25 "Net-(D2-Pad4)")
  (net 26 "Net-(R4-Pad1)")
  (net 27 "Net-(R3-Pad1)")
  (net 28 "Net-(R2-Pad1)")
  (net 29 "Net-(D5-Pad2)")
  (net 30 "Net-(U1-Pad1)")
  (net 31 "Net-(U6-Pad5)")
  (net 32 "Net-(U6-Pad6)")
  (net 33 "Net-(U6-Pad8)")
  (net 34 "Net-(U6-Pad9)")
  (net 35 "Net-(U6-Pad10)")
  (net 36 "Net-(U6-Pad11)")
  (net 37 "Net-(U6-Pad12)")
  (net 38 "Net-(U6-Pad16)")
  (net 39 "Net-(U6-Pad23)")
  (net 40 "Net-(U6-Pad24)")
  (net 41 "Net-(U6-Pad26)")
  (net 42 "Net-(U6-Pad27)")
  (net 43 "Net-(U6-Pad28)")
  (net 44 "Net-(U6-Pad29)")
  (net 45 "Net-(U6-Pad30)")
  (net 46 "Net-(U6-Pad31)")
  (net 47 "Net-(U6-Pad33)")
  (net 48 "Net-(U6-Pad36)")
  (net 49 "Net-(L1-Pad2)")
  (net 50 "Net-(C1-Pad1)")
  (net 51 +12V)
  (net 52 "Net-(U4-Pad3)")
  (net 53 "Net-(U4-Pad6)")
  (net 54 "Net-(D2-Pad2)")
  (net 55 "Net-(C3-Pad2)")
  (net 56 "Net-(C5-Pad2)")
  (net 57 "Net-(C5-Pad1)")

  (net_class Default "This is the default net class."
    (clearance 0.2)
    (trace_width 0.25)
    (via_dia 0.8)
    (via_drill 0.4)
    (uvia_dia 0.3)
    (uvia_drill 0.1)
    (add_net +12V)
    (add_net +3V3)
    (add_net /ESP32_BOOT)
    (add_net /ESP32_RST)
    (add_net /ESP32_RXD)
    (add_net /ESP32_TXD)
    (add_net GND)
    (add_net "Net-(C1-Pad1)")
    (add_net "Net-(C2-Pad1)")
    (add_net "Net-(C2-Pad2)")
    (add_net "Net-(C3-Pad2)")
    (add_net "Net-(C5-Pad1)")
    (add_net "Net-(C5-Pad2)")
    (add_net "Net-(D2-Pad2)")
    (add_net "Net-(D2-Pad4)")
    (add_net "Net-(D5-Pad2)")
    (add_net "Net-(F1-Pad2)")
    (add_net "Net-(F2-Pad2)")
    (add_net "Net-(J1-Pad2)")
    (add_net "Net-(L1-Pad2)")
    (add_net "Net-(Q1-Pad1)")
    (add_net "Net-(R1-Pad1)")
    (add_net "Net-(R10-Pad1)")
    (add_net "Net-(R10-Pad2)")
    (add_net "Net-(R2-Pad1)")
    (add_net "Net-(R3-Pad1)")
    (add_net "Net-(R4-Pad1)")
    (add_net "Net-(R8-Pad2)")
    (add_net "Net-(R9-Pad2)")
    (add_net "Net-(U1-Pad1)")
    (add_net "Net-(U4-Pad3)")
    (add_net "Net-(U4-Pad6)")
    (add_net "Net-(U6-Pad10)")
    (add_net "Net-(U6-Pad11)")
    (add_net "Net-(U6-Pad12)")
    (add_net "Net-(U6-Pad16)")
    (add_net "Net-(U6-Pad17)")
    (add_net "Net-(U6-Pad18)")
    (add_net "Net-(U6-Pad19)")
    (add_net "Net-(U6-Pad20)")
    (add_net "Net-(U6-Pad21)")
    (add_net "Net-(U6-Pad22)")
    (add_net "Net-(U6-Pad23)")
    (add_net "Net-(U6-Pad24)")
    (add_net "Net-(U6-Pad26)")
    (add_net "Net-(U6-Pad27)")
    (add_net "Net-(U6-Pad28)")
    (add_net "Net-(U6-Pad29)")
    (add_net "Net-(U6-Pad30)")
    (add_net "Net-(U6-Pad31)")
    (add_net "Net-(U6-Pad32)")
    (add_net "Net-(U6-Pad33)")
    (add_net "Net-(U6-Pad36)")
    (add_net "Net-(U6-Pad5)")
    (add_net "Net-(U6-Pad6)")
    (add_net "Net-(U6-Pad8)")
    (add_net "Net-(U6-Pad9)")
  )

  (module Button_Switch_SMD:SW_SPST_B3S-1000 (layer F.Cu) (tedit 5A02FC95) (tstamp 5D5E02CD)
    (at 53.848 112.776 180)
    (descr "Surface Mount Tactile Switch for High-Density Packaging")
    (tags "Tactile Switch")
    (path /5E539B79)
    (attr smd)
    (fp_text reference SW1 (at 0 -4.5 180) (layer F.SilkS)
      (effects (font (size 1 1) (thickness 0.15)))
    )
    (fp_text value SW_Push (at 0 4.5 180) (layer F.Fab)
      (effects (font (size 1 1) (thickness 0.15)))
    )
    (fp_text user %R (at 0 -4.5 180) (layer F.Fab)
      (effects (font (size 1 1) (thickness 0.15)))
    )
    (fp_line (start -5 3.7) (end 5 3.7) (layer F.CrtYd) (width 0.05))
    (fp_line (start 5 3.7) (end 5 -3.7) (layer F.CrtYd) (width 0.05))
    (fp_line (start 5 -3.7) (end -5 -3.7) (layer F.CrtYd) (width 0.05))
    (fp_line (start -5 -3.7) (end -5 3.7) (layer F.CrtYd) (width 0.05))
    (fp_line (start -3.15 -3.2) (end -3.15 -3.45) (layer F.SilkS) (width 0.12))
    (fp_line (start -3.15 -3.45) (end 3.15 -3.45) (layer F.SilkS) (width 0.12))
    (fp_line (start 3.15 -3.45) (end 3.15 -3.2) (layer F.SilkS) (width 0.12))
    (fp_line (start -3.15 1.3) (end -3.15 -1.3) (layer F.SilkS) (width 0.12))
    (fp_line (start 3.15 3.2) (end 3.15 3.45) (layer F.SilkS) (width 0.12))
    (fp_line (start 3.15 3.45) (end -3.15 3.45) (layer F.SilkS) (width 0.12))
    (fp_line (start -3.15 3.45) (end -3.15 3.2) (layer F.SilkS) (width 0.12))
    (fp_line (start 3.15 -1.3) (end 3.15 1.3) (layer F.SilkS) (width 0.12))
    (fp_circle (center 0 0) (end 1.65 0) (layer F.Fab) (width 0.1))
    (fp_line (start -3 -3.3) (end 3 -3.3) (layer F.Fab) (width 0.1))
    (fp_line (start 3 -3.3) (end 3 3.3) (layer F.Fab) (width 0.1))
    (fp_line (start 3 3.3) (end -3 3.3) (layer F.Fab) (width 0.1))
    (fp_line (start -3 3.3) (end -3 -3.3) (layer F.Fab) (width 0.1))
    (pad 1 smd rect (at -3.975 -2.25 180) (size 1.55 1.3) (layers F.Cu F.Paste F.Mask)
      (net 4 GND))
    (pad 1 smd rect (at 3.975 -2.25 180) (size 1.55 1.3) (layers F.Cu F.Paste F.Mask)
      (net 4 GND))
    (pad 2 smd rect (at -3.975 2.25 180) (size 1.55 1.3) (layers F.Cu F.Paste F.Mask)
      (net 17 /ESP32_RST))
    (pad 2 smd rect (at 3.975 2.25 180) (size 1.55 1.3) (layers F.Cu F.Paste F.Mask)
      (net 17 /ESP32_RST))
    (model ${KISYS3DMOD}/Button_Switch_SMD.3dshapes/SW_SPST_B3S-1000.wrl
      (at (xyz 0 0 0))
      (scale (xyz 1 1 1))
      (rotate (xyz 0 0 0))
    )
  )

  (module Button_Switch_SMD:SW_SPST_B3S-1000 (layer F.Cu) (tedit 5A02FC95) (tstamp 5D5E0282)
    (at 53.848 100.584)
    (descr "Surface Mount Tactile Switch for High-Density Packaging")
    (tags "Tactile Switch")
    (path /5E0C7525)
    (attr smd)
    (fp_text reference SW2 (at 0 -4.5) (layer F.SilkS)
      (effects (font (size 1 1) (thickness 0.15)))
    )
    (fp_text value SW_Push (at 0 4.5) (layer F.Fab)
      (effects (font (size 1 1) (thickness 0.15)))
    )
    (fp_line (start -3 3.3) (end -3 -3.3) (layer F.Fab) (width 0.1))
    (fp_line (start 3 3.3) (end -3 3.3) (layer F.Fab) (width 0.1))
    (fp_line (start 3 -3.3) (end 3 3.3) (layer F.Fab) (width 0.1))
    (fp_line (start -3 -3.3) (end 3 -3.3) (layer F.Fab) (width 0.1))
    (fp_circle (center 0 0) (end 1.65 0) (layer F.Fab) (width 0.1))
    (fp_line (start 3.15 -1.3) (end 3.15 1.3) (layer F.SilkS) (width 0.12))
    (fp_line (start -3.15 3.45) (end -3.15 3.2) (layer F.SilkS) (width 0.12))
    (fp_line (start 3.15 3.45) (end -3.15 3.45) (layer F.SilkS) (width 0.12))
    (fp_line (start 3.15 3.2) (end 3.15 3.45) (layer F.SilkS) (width 0.12))
    (fp_line (start -3.15 1.3) (end -3.15 -1.3) (layer F.SilkS) (width 0.12))
    (fp_line (start 3.15 -3.45) (end 3.15 -3.2) (layer F.SilkS) (width 0.12))
    (fp_line (start -3.15 -3.45) (end 3.15 -3.45) (layer F.SilkS) (width 0.12))
    (fp_line (start -3.15 -3.2) (end -3.15 -3.45) (layer F.SilkS) (width 0.12))
    (fp_line (start -5 -3.7) (end -5 3.7) (layer F.CrtYd) (width 0.05))
    (fp_line (start 5 -3.7) (end -5 -3.7) (layer F.CrtYd) (width 0.05))
    (fp_line (start 5 3.7) (end 5 -3.7) (layer F.CrtYd) (width 0.05))
    (fp_line (start -5 3.7) (end 5 3.7) (layer F.CrtYd) (width 0.05))
    (fp_text user %R (at 0 -4.5) (layer F.Fab)
      (effects (font (size 1 1) (thickness 0.15)))
    )
    (pad 2 smd rect (at 3.975 2.25) (size 1.55 1.3) (layers F.Cu F.Paste F.Mask)
      (net 14 /ESP32_BOOT))
    (pad 2 smd rect (at -3.975 2.25) (size 1.55 1.3) (layers F.Cu F.Paste F.Mask)
      (net 14 /ESP32_BOOT))
    (pad 1 smd rect (at 3.975 -2.25) (size 1.55 1.3) (layers F.Cu F.Paste F.Mask)
      (net 4 GND))
    (pad 1 smd rect (at -3.975 -2.25) (size 1.55 1.3) (layers F.Cu F.Paste F.Mask)
      (net 4 GND))
    (model ${KISYS3DMOD}/Button_Switch_SMD.3dshapes/SW_SPST_B3S-1000.wrl
      (at (xyz 0 0 0))
      (scale (xyz 1 1 1))
      (rotate (xyz 0 0 0))
    )
  )

  (module Capacitor_SMD:C_1206_3216Metric_Pad1.42x1.75mm_HandSolder (layer F.Cu) (tedit 5B301BBE) (tstamp 5D5DDEC8)
    (at 70.0675 84.328)
    (descr "Capacitor SMD 1206 (3216 Metric), square (rectangular) end terminal, IPC_7351 nominal with elongated pad for handsoldering. (Body size source: http://www.tortai-tech.com/upload/download/2011102023233369053.pdf), generated with kicad-footprint-generator")
    (tags "capacitor handsolder")
    (path /5D5D222D)
    (attr smd)
    (fp_text reference C1 (at 0 -1.82) (layer F.SilkS)
      (effects (font (size 1 1) (thickness 0.15)))
    )
    (fp_text value 0.1µ (at 0 1.82) (layer F.Fab)
      (effects (font (size 1 1) (thickness 0.15)))
    )
    (fp_text user %R (at 0 0) (layer F.Fab)
      (effects (font (size 0.8 0.8) (thickness 0.12)))
    )
    (fp_line (start 2.45 1.12) (end -2.45 1.12) (layer F.CrtYd) (width 0.05))
    (fp_line (start 2.45 -1.12) (end 2.45 1.12) (layer F.CrtYd) (width 0.05))
    (fp_line (start -2.45 -1.12) (end 2.45 -1.12) (layer F.CrtYd) (width 0.05))
    (fp_line (start -2.45 1.12) (end -2.45 -1.12) (layer F.CrtYd) (width 0.05))
    (fp_line (start -0.602064 0.91) (end 0.602064 0.91) (layer F.SilkS) (width 0.12))
    (fp_line (start -0.602064 -0.91) (end 0.602064 -0.91) (layer F.SilkS) (width 0.12))
    (fp_line (start 1.6 0.8) (end -1.6 0.8) (layer F.Fab) (width 0.1))
    (fp_line (start 1.6 -0.8) (end 1.6 0.8) (layer F.Fab) (width 0.1))
    (fp_line (start -1.6 -0.8) (end 1.6 -0.8) (layer F.Fab) (width 0.1))
    (fp_line (start -1.6 0.8) (end -1.6 -0.8) (layer F.Fab) (width 0.1))
    (pad 2 smd roundrect (at 1.4875 0) (size 1.425 1.75) (layers F.Cu F.Paste F.Mask) (roundrect_rratio 0.175439)
      (net 4 GND))
    (pad 1 smd roundrect (at -1.4875 0) (size 1.425 1.75) (layers F.Cu F.Paste F.Mask) (roundrect_rratio 0.175439)
      (net 50 "Net-(C1-Pad1)"))
    (model ${KISYS3DMOD}/Capacitor_SMD.3dshapes/C_1206_3216Metric.wrl
      (at (xyz 0 0 0))
      (scale (xyz 1 1 1))
      (rotate (xyz 0 0 0))
    )
  )

  (module Capacitor_SMD:C_1206_3216Metric_Pad1.42x1.75mm_HandSolder (layer F.Cu) (tedit 5B301BBE) (tstamp 5D5CD793)
    (at 100.33 110.744 270)
    (descr "Capacitor SMD 1206 (3216 Metric), square (rectangular) end terminal, IPC_7351 nominal with elongated pad for handsoldering. (Body size source: http://www.tortai-tech.com/upload/download/2011102023233369053.pdf), generated with kicad-footprint-generator")
    (tags "capacitor handsolder")
    (path /5F157354)
    (attr smd)
    (fp_text reference C14 (at 0 -1.82 270) (layer F.SilkS)
      (effects (font (size 1 1) (thickness 0.15)))
    )
    (fp_text value 22µF (at 0 1.82 270) (layer F.Fab)
      (effects (font (size 1 1) (thickness 0.15)))
    )
    (fp_line (start -1.6 0.8) (end -1.6 -0.8) (layer F.Fab) (width 0.1))
    (fp_line (start -1.6 -0.8) (end 1.6 -0.8) (layer F.Fab) (width 0.1))
    (fp_line (start 1.6 -0.8) (end 1.6 0.8) (layer F.Fab) (width 0.1))
    (fp_line (start 1.6 0.8) (end -1.6 0.8) (layer F.Fab) (width 0.1))
    (fp_line (start -0.602064 -0.91) (end 0.602064 -0.91) (layer F.SilkS) (width 0.12))
    (fp_line (start -0.602064 0.91) (end 0.602064 0.91) (layer F.SilkS) (width 0.12))
    (fp_line (start -2.45 1.12) (end -2.45 -1.12) (layer F.CrtYd) (width 0.05))
    (fp_line (start -2.45 -1.12) (end 2.45 -1.12) (layer F.CrtYd) (width 0.05))
    (fp_line (start 2.45 -1.12) (end 2.45 1.12) (layer F.CrtYd) (width 0.05))
    (fp_line (start 2.45 1.12) (end -2.45 1.12) (layer F.CrtYd) (width 0.05))
    (fp_text user %R (at 0 0 270) (layer F.Fab)
      (effects (font (size 0.8 0.8) (thickness 0.12)))
    )
    (pad 1 smd roundrect (at -1.4875 0 270) (size 1.425 1.75) (layers F.Cu F.Paste F.Mask) (roundrect_rratio 0.175439)
      (net 3 +3V3))
    (pad 2 smd roundrect (at 1.4875 0 270) (size 1.425 1.75) (layers F.Cu F.Paste F.Mask) (roundrect_rratio 0.175439)
      (net 4 GND))
    (model ${KISYS3DMOD}/Capacitor_SMD.3dshapes/C_1206_3216Metric.wrl
      (at (xyz 0 0 0))
      (scale (xyz 1 1 1))
      (rotate (xyz 0 0 0))
    )
  )

  (module Capacitor_SMD:C_1206_3216Metric_Pad1.42x1.75mm_HandSolder (layer F.Cu) (tedit 5B301BBE) (tstamp 5D5CA0F0)
    (at 103.378 108.204 270)
    (descr "Capacitor SMD 1206 (3216 Metric), square (rectangular) end terminal, IPC_7351 nominal with elongated pad for handsoldering. (Body size source: http://www.tortai-tech.com/upload/download/2011102023233369053.pdf), generated with kicad-footprint-generator")
    (tags "capacitor handsolder")
    (path /5F0D02FB)
    (attr smd)
    (fp_text reference C9 (at 0 -1.82 270) (layer F.SilkS)
      (effects (font (size 1 1) (thickness 0.15)))
    )
    (fp_text value 47µ (at 0 1.82 270) (layer F.Fab)
      (effects (font (size 1 1) (thickness 0.15)))
    )
    (fp_text user %R (at 0 0 270) (layer F.Fab)
      (effects (font (size 0.8 0.8) (thickness 0.12)))
    )
    (fp_line (start 2.45 1.12) (end -2.45 1.12) (layer F.CrtYd) (width 0.05))
    (fp_line (start 2.45 -1.12) (end 2.45 1.12) (layer F.CrtYd) (width 0.05))
    (fp_line (start -2.45 -1.12) (end 2.45 -1.12) (layer F.CrtYd) (width 0.05))
    (fp_line (start -2.45 1.12) (end -2.45 -1.12) (layer F.CrtYd) (width 0.05))
    (fp_line (start -0.602064 0.91) (end 0.602064 0.91) (layer F.SilkS) (width 0.12))
    (fp_line (start -0.602064 -0.91) (end 0.602064 -0.91) (layer F.SilkS) (width 0.12))
    (fp_line (start 1.6 0.8) (end -1.6 0.8) (layer F.Fab) (width 0.1))
    (fp_line (start 1.6 -0.8) (end 1.6 0.8) (layer F.Fab) (width 0.1))
    (fp_line (start -1.6 -0.8) (end 1.6 -0.8) (layer F.Fab) (width 0.1))
    (fp_line (start -1.6 0.8) (end -1.6 -0.8) (layer F.Fab) (width 0.1))
    (pad 2 smd roundrect (at 1.4875 0 270) (size 1.425 1.75) (layers F.Cu F.Paste F.Mask) (roundrect_rratio 0.175439)
      (net 4 GND))
    (pad 1 smd roundrect (at -1.4875 0 270) (size 1.425 1.75) (layers F.Cu F.Paste F.Mask) (roundrect_rratio 0.175439)
      (net 51 +12V))
    (model ${KISYS3DMOD}/Capacitor_SMD.3dshapes/C_1206_3216Metric.wrl
      (at (xyz 0 0 0))
      (scale (xyz 1 1 1))
      (rotate (xyz 0 0 0))
    )
  )

  (module Capacitor_SMD:C_1206_3216Metric_Pad1.42x1.75mm_HandSolder (layer F.Cu) (tedit 5B301BBE) (tstamp 5D5DDF28)
    (at 70.104 87.884)
    (descr "Capacitor SMD 1206 (3216 Metric), square (rectangular) end terminal, IPC_7351 nominal with elongated pad for handsoldering. (Body size source: http://www.tortai-tech.com/upload/download/2011102023233369053.pdf), generated with kicad-footprint-generator")
    (tags "capacitor handsolder")
    (path /5D5B5024)
    (attr smd)
    (fp_text reference C6 (at 0 -1.82) (layer F.SilkS)
      (effects (font (size 1 1) (thickness 0.15)))
    )
    (fp_text value 0.1µ (at 0 1.82) (layer F.Fab)
      (effects (font (size 1 1) (thickness 0.15)))
    )
    (fp_line (start -1.6 0.8) (end -1.6 -0.8) (layer F.Fab) (width 0.1))
    (fp_line (start -1.6 -0.8) (end 1.6 -0.8) (layer F.Fab) (width 0.1))
    (fp_line (start 1.6 -0.8) (end 1.6 0.8) (layer F.Fab) (width 0.1))
    (fp_line (start 1.6 0.8) (end -1.6 0.8) (layer F.Fab) (width 0.1))
    (fp_line (start -0.602064 -0.91) (end 0.602064 -0.91) (layer F.SilkS) (width 0.12))
    (fp_line (start -0.602064 0.91) (end 0.602064 0.91) (layer F.SilkS) (width 0.12))
    (fp_line (start -2.45 1.12) (end -2.45 -1.12) (layer F.CrtYd) (width 0.05))
    (fp_line (start -2.45 -1.12) (end 2.45 -1.12) (layer F.CrtYd) (width 0.05))
    (fp_line (start 2.45 -1.12) (end 2.45 1.12) (layer F.CrtYd) (width 0.05))
    (fp_line (start 2.45 1.12) (end -2.45 1.12) (layer F.CrtYd) (width 0.05))
    (fp_text user %R (at 0 0) (layer F.Fab)
      (effects (font (size 0.8 0.8) (thickness 0.12)))
    )
    (pad 1 smd roundrect (at -1.4875 0) (size 1.425 1.75) (layers F.Cu F.Paste F.Mask) (roundrect_rratio 0.175439)
      (net 3 +3V3))
    (pad 2 smd roundrect (at 1.4875 0) (size 1.425 1.75) (layers F.Cu F.Paste F.Mask) (roundrect_rratio 0.175439)
      (net 4 GND))
    (model ${KISYS3DMOD}/Capacitor_SMD.3dshapes/C_1206_3216Metric.wrl
      (at (xyz 0 0 0))
      (scale (xyz 1 1 1))
      (rotate (xyz 0 0 0))
    )
  )

  (module Capacitor_SMD:C_1210_3225Metric_Pad1.42x2.65mm_HandSolder (layer F.Cu) (tedit 5B301BBE) (tstamp 5D5D7C6B)
    (at 85.09 73.152 270)
    (descr "Capacitor SMD 1210 (3225 Metric), square (rectangular) end terminal, IPC_7351 nominal with elongated pad for handsoldering. (Body size source: http://www.tortai-tech.com/upload/download/2011102023233369053.pdf), generated with kicad-footprint-generator")
    (tags "capacitor handsolder")
    (path /60A0F1E4)
    (attr smd)
    (fp_text reference C2 (at 0 -2.28 270) (layer F.SilkS)
      (effects (font (size 1 1) (thickness 0.15)))
    )
    (fp_text value 100n (at 0 2.28 270) (layer F.Fab)
      (effects (font (size 1 1) (thickness 0.15)))
    )
    (fp_text user %R (at 0 0 270) (layer F.Fab)
      (effects (font (size 0.8 0.8) (thickness 0.12)))
    )
    (fp_line (start 2.45 1.58) (end -2.45 1.58) (layer F.CrtYd) (width 0.05))
    (fp_line (start 2.45 -1.58) (end 2.45 1.58) (layer F.CrtYd) (width 0.05))
    (fp_line (start -2.45 -1.58) (end 2.45 -1.58) (layer F.CrtYd) (width 0.05))
    (fp_line (start -2.45 1.58) (end -2.45 -1.58) (layer F.CrtYd) (width 0.05))
    (fp_line (start -0.602064 1.36) (end 0.602064 1.36) (layer F.SilkS) (width 0.12))
    (fp_line (start -0.602064 -1.36) (end 0.602064 -1.36) (layer F.SilkS) (width 0.12))
    (fp_line (start 1.6 1.25) (end -1.6 1.25) (layer F.Fab) (width 0.1))
    (fp_line (start 1.6 -1.25) (end 1.6 1.25) (layer F.Fab) (width 0.1))
    (fp_line (start -1.6 -1.25) (end 1.6 -1.25) (layer F.Fab) (width 0.1))
    (fp_line (start -1.6 1.25) (end -1.6 -1.25) (layer F.Fab) (width 0.1))
    (pad 2 smd roundrect (at 1.4875 0 270) (size 1.425 2.65) (layers F.Cu F.Paste F.Mask) (roundrect_rratio 0.175439)
      (net 18 "Net-(C2-Pad2)"))
    (pad 1 smd roundrect (at -1.4875 0 270) (size 1.425 2.65) (layers F.Cu F.Paste F.Mask) (roundrect_rratio 0.175439)
      (net 6 "Net-(C2-Pad1)"))
    (model ${KISYS3DMOD}/Capacitor_SMD.3dshapes/C_1210_3225Metric.wrl
      (at (xyz 0 0 0))
      (scale (xyz 1 1 1))
      (rotate (xyz 0 0 0))
    )
  )

  (module Capacitor_SMD:C_1210_3225Metric_Pad1.42x2.65mm_HandSolder (layer F.Cu) (tedit 5B301BBE) (tstamp 5D5D4DC3)
    (at 93.218 52.832)
    (descr "Capacitor SMD 1210 (3225 Metric), square (rectangular) end terminal, IPC_7351 nominal with elongated pad for handsoldering. (Body size source: http://www.tortai-tech.com/upload/download/2011102023233369053.pdf), generated with kicad-footprint-generator")
    (tags "capacitor handsolder")
    (path /60A837DB)
    (attr smd)
    (fp_text reference C3 (at 0 -2.28) (layer F.SilkS)
      (effects (font (size 1 1) (thickness 0.15)))
    )
    (fp_text value 100n (at 0 2.28) (layer F.Fab)
      (effects (font (size 1 1) (thickness 0.15)))
    )
    (fp_text user %R (at 0 0) (layer F.Fab)
      (effects (font (size 0.8 0.8) (thickness 0.12)))
    )
    (fp_line (start 2.45 1.58) (end -2.45 1.58) (layer F.CrtYd) (width 0.05))
    (fp_line (start 2.45 -1.58) (end 2.45 1.58) (layer F.CrtYd) (width 0.05))
    (fp_line (start -2.45 -1.58) (end 2.45 -1.58) (layer F.CrtYd) (width 0.05))
    (fp_line (start -2.45 1.58) (end -2.45 -1.58) (layer F.CrtYd) (width 0.05))
    (fp_line (start -0.602064 1.36) (end 0.602064 1.36) (layer F.SilkS) (width 0.12))
    (fp_line (start -0.602064 -1.36) (end 0.602064 -1.36) (layer F.SilkS) (width 0.12))
    (fp_line (start 1.6 1.25) (end -1.6 1.25) (layer F.Fab) (width 0.1))
    (fp_line (start 1.6 -1.25) (end 1.6 1.25) (layer F.Fab) (width 0.1))
    (fp_line (start -1.6 -1.25) (end 1.6 -1.25) (layer F.Fab) (width 0.1))
    (fp_line (start -1.6 1.25) (end -1.6 -1.25) (layer F.Fab) (width 0.1))
    (pad 2 smd roundrect (at 1.4875 0) (size 1.425 2.65) (layers F.Cu F.Paste F.Mask) (roundrect_rratio 0.175439)
      (net 55 "Net-(C3-Pad2)"))
    (pad 1 smd roundrect (at -1.4875 0) (size 1.425 2.65) (layers F.Cu F.Paste F.Mask) (roundrect_rratio 0.175439)
      (net 18 "Net-(C2-Pad2)"))
    (model ${KISYS3DMOD}/Capacitor_SMD.3dshapes/C_1210_3225Metric.wrl
      (at (xyz 0 0 0))
      (scale (xyz 1 1 1))
      (rotate (xyz 0 0 0))
    )
  )

  (module Capacitor_SMD:C_1210_3225Metric_Pad1.42x2.65mm_HandSolder (layer F.Cu) (tedit 5B301BBE) (tstamp 5D5D7972)
    (at 85.09 78.994 270)
    (descr "Capacitor SMD 1210 (3225 Metric), square (rectangular) end terminal, IPC_7351 nominal with elongated pad for handsoldering. (Body size source: http://www.tortai-tech.com/upload/download/2011102023233369053.pdf), generated with kicad-footprint-generator")
    (tags "capacitor handsolder")
    (path /5D75BD4B)
    (attr smd)
    (fp_text reference C5 (at 0 -2.28 270) (layer F.SilkS)
      (effects (font (size 1 1) (thickness 0.15)))
    )
    (fp_text value 100n (at 0 2.28 270) (layer F.Fab)
      (effects (font (size 1 1) (thickness 0.15)))
    )
    (fp_text user %R (at 0 0 270) (layer F.Fab)
      (effects (font (size 0.8 0.8) (thickness 0.12)))
    )
    (fp_line (start 2.45 1.58) (end -2.45 1.58) (layer F.CrtYd) (width 0.05))
    (fp_line (start 2.45 -1.58) (end 2.45 1.58) (layer F.CrtYd) (width 0.05))
    (fp_line (start -2.45 -1.58) (end 2.45 -1.58) (layer F.CrtYd) (width 0.05))
    (fp_line (start -2.45 1.58) (end -2.45 -1.58) (layer F.CrtYd) (width 0.05))
    (fp_line (start -0.602064 1.36) (end 0.602064 1.36) (layer F.SilkS) (width 0.12))
    (fp_line (start -0.602064 -1.36) (end 0.602064 -1.36) (layer F.SilkS) (width 0.12))
    (fp_line (start 1.6 1.25) (end -1.6 1.25) (layer F.Fab) (width 0.1))
    (fp_line (start 1.6 -1.25) (end 1.6 1.25) (layer F.Fab) (width 0.1))
    (fp_line (start -1.6 -1.25) (end 1.6 -1.25) (layer F.Fab) (width 0.1))
    (fp_line (start -1.6 1.25) (end -1.6 -1.25) (layer F.Fab) (width 0.1))
    (pad 2 smd roundrect (at 1.4875 0 270) (size 1.425 2.65) (layers F.Cu F.Paste F.Mask) (roundrect_rratio 0.175439)
      (net 56 "Net-(C5-Pad2)"))
    (pad 1 smd roundrect (at -1.4875 0 270) (size 1.425 2.65) (layers F.Cu F.Paste F.Mask) (roundrect_rratio 0.175439)
      (net 57 "Net-(C5-Pad1)"))
    (model ${KISYS3DMOD}/Capacitor_SMD.3dshapes/C_1210_3225Metric.wrl
      (at (xyz 0 0 0))
      (scale (xyz 1 1 1))
      (rotate (xyz 0 0 0))
    )
  )

  (module Capacitor_SMD:C_1210_3225Metric_Pad1.42x2.65mm_HandSolder (layer F.Cu) (tedit 5B301BBE) (tstamp 5D5CA09B)
    (at 106.934 108.204 90)
    (descr "Capacitor SMD 1210 (3225 Metric), square (rectangular) end terminal, IPC_7351 nominal with elongated pad for handsoldering. (Body size source: http://www.tortai-tech.com/upload/download/2011102023233369053.pdf), generated with kicad-footprint-generator")
    (tags "capacitor handsolder")
    (path /5D7215CA)
    (attr smd)
    (fp_text reference C8 (at 0 -2.28 90) (layer F.SilkS)
      (effects (font (size 1 1) (thickness 0.15)))
    )
    (fp_text value 100n (at 0 2.28 90) (layer F.Fab)
      (effects (font (size 1 1) (thickness 0.15)))
    )
    (fp_line (start -1.6 1.25) (end -1.6 -1.25) (layer F.Fab) (width 0.1))
    (fp_line (start -1.6 -1.25) (end 1.6 -1.25) (layer F.Fab) (width 0.1))
    (fp_line (start 1.6 -1.25) (end 1.6 1.25) (layer F.Fab) (width 0.1))
    (fp_line (start 1.6 1.25) (end -1.6 1.25) (layer F.Fab) (width 0.1))
    (fp_line (start -0.602064 -1.36) (end 0.602064 -1.36) (layer F.SilkS) (width 0.12))
    (fp_line (start -0.602064 1.36) (end 0.602064 1.36) (layer F.SilkS) (width 0.12))
    (fp_line (start -2.45 1.58) (end -2.45 -1.58) (layer F.CrtYd) (width 0.05))
    (fp_line (start -2.45 -1.58) (end 2.45 -1.58) (layer F.CrtYd) (width 0.05))
    (fp_line (start 2.45 -1.58) (end 2.45 1.58) (layer F.CrtYd) (width 0.05))
    (fp_line (start 2.45 1.58) (end -2.45 1.58) (layer F.CrtYd) (width 0.05))
    (fp_text user %R (at 0 0 90) (layer F.Fab)
      (effects (font (size 0.8 0.8) (thickness 0.12)))
    )
    (pad 1 smd roundrect (at -1.4875 0 90) (size 1.425 2.65) (layers F.Cu F.Paste F.Mask) (roundrect_rratio 0.175439)
      (net 4 GND))
    (pad 2 smd roundrect (at 1.4875 0 90) (size 1.425 2.65) (layers F.Cu F.Paste F.Mask) (roundrect_rratio 0.175439)
      (net 51 +12V))
    (model ${KISYS3DMOD}/Capacitor_SMD.3dshapes/C_1210_3225Metric.wrl
      (at (xyz 0 0 0))
      (scale (xyz 1 1 1))
      (rotate (xyz 0 0 0))
    )
  )

  (module Capacitor_SMD:C_1210_3225Metric_Pad1.42x2.65mm_HandSolder (layer F.Cu) (tedit 5B301BBE) (tstamp 5D5E030F)
    (at 70.866 119.634 180)
    (descr "Capacitor SMD 1210 (3225 Metric), square (rectangular) end terminal, IPC_7351 nominal with elongated pad for handsoldering. (Body size source: http://www.tortai-tech.com/upload/download/2011102023233369053.pdf), generated with kicad-footprint-generator")
    (tags "capacitor handsolder")
    (path /5D7DB007)
    (attr smd)
    (fp_text reference C15 (at 0 -2.28 180) (layer F.SilkS)
      (effects (font (size 1 1) (thickness 0.15)))
    )
    (fp_text value 10µ (at 0 2.28 180) (layer F.Fab)
      (effects (font (size 1 1) (thickness 0.15)))
    )
    (fp_text user %R (at 0 0 180) (layer F.Fab)
      (effects (font (size 0.8 0.8) (thickness 0.12)))
    )
    (fp_line (start 2.45 1.58) (end -2.45 1.58) (layer F.CrtYd) (width 0.05))
    (fp_line (start 2.45 -1.58) (end 2.45 1.58) (layer F.CrtYd) (width 0.05))
    (fp_line (start -2.45 -1.58) (end 2.45 -1.58) (layer F.CrtYd) (width 0.05))
    (fp_line (start -2.45 1.58) (end -2.45 -1.58) (layer F.CrtYd) (width 0.05))
    (fp_line (start -0.602064 1.36) (end 0.602064 1.36) (layer F.SilkS) (width 0.12))
    (fp_line (start -0.602064 -1.36) (end 0.602064 -1.36) (layer F.SilkS) (width 0.12))
    (fp_line (start 1.6 1.25) (end -1.6 1.25) (layer F.Fab) (width 0.1))
    (fp_line (start 1.6 -1.25) (end 1.6 1.25) (layer F.Fab) (width 0.1))
    (fp_line (start -1.6 -1.25) (end 1.6 -1.25) (layer F.Fab) (width 0.1))
    (fp_line (start -1.6 1.25) (end -1.6 -1.25) (layer F.Fab) (width 0.1))
    (pad 2 smd roundrect (at 1.4875 0 180) (size 1.425 2.65) (layers F.Cu F.Paste F.Mask) (roundrect_rratio 0.175439)
      (net 4 GND))
    (pad 1 smd roundrect (at -1.4875 0 180) (size 1.425 2.65) (layers F.Cu F.Paste F.Mask) (roundrect_rratio 0.175439)
      (net 3 +3V3))
    (model ${KISYS3DMOD}/Capacitor_SMD.3dshapes/C_1210_3225Metric.wrl
      (at (xyz 0 0 0))
      (scale (xyz 1 1 1))
      (rotate (xyz 0 0 0))
    )
  )

  (module Capacitor_SMD:C_1210_3225Metric_Pad1.42x2.65mm_HandSolder (layer F.Cu) (tedit 5B301BBE) (tstamp 5D5CD4C1)
    (at 110.744 108.204 90)
    (descr "Capacitor SMD 1210 (3225 Metric), square (rectangular) end terminal, IPC_7351 nominal with elongated pad for handsoldering. (Body size source: http://www.tortai-tech.com/upload/download/2011102023233369053.pdf), generated with kicad-footprint-generator")
    (tags "capacitor handsolder")
    (path /5D749C75)
    (attr smd)
    (fp_text reference C4 (at 0 -2.28 90) (layer F.SilkS)
      (effects (font (size 1 1) (thickness 0.15)))
    )
    (fp_text value 10µF (at 0 2.28 90) (layer F.Fab)
      (effects (font (size 1 1) (thickness 0.15)))
    )
    (fp_line (start -1.6 1.25) (end -1.6 -1.25) (layer F.Fab) (width 0.1))
    (fp_line (start -1.6 -1.25) (end 1.6 -1.25) (layer F.Fab) (width 0.1))
    (fp_line (start 1.6 -1.25) (end 1.6 1.25) (layer F.Fab) (width 0.1))
    (fp_line (start 1.6 1.25) (end -1.6 1.25) (layer F.Fab) (width 0.1))
    (fp_line (start -0.602064 -1.36) (end 0.602064 -1.36) (layer F.SilkS) (width 0.12))
    (fp_line (start -0.602064 1.36) (end 0.602064 1.36) (layer F.SilkS) (width 0.12))
    (fp_line (start -2.45 1.58) (end -2.45 -1.58) (layer F.CrtYd) (width 0.05))
    (fp_line (start -2.45 -1.58) (end 2.45 -1.58) (layer F.CrtYd) (width 0.05))
    (fp_line (start 2.45 -1.58) (end 2.45 1.58) (layer F.CrtYd) (width 0.05))
    (fp_line (start 2.45 1.58) (end -2.45 1.58) (layer F.CrtYd) (width 0.05))
    (fp_text user %R (at 0 0 90) (layer F.Fab)
      (effects (font (size 0.8 0.8) (thickness 0.12)))
    )
    (pad 1 smd roundrect (at -1.4875 0 90) (size 1.425 2.65) (layers F.Cu F.Paste F.Mask) (roundrect_rratio 0.175439)
      (net 4 GND))
    (pad 2 smd roundrect (at 1.4875 0 90) (size 1.425 2.65) (layers F.Cu F.Paste F.Mask) (roundrect_rratio 0.175439)
      (net 51 +12V))
    (model ${KISYS3DMOD}/Capacitor_SMD.3dshapes/C_1210_3225Metric.wrl
      (at (xyz 0 0 0))
      (scale (xyz 1 1 1))
      (rotate (xyz 0 0 0))
    )
  )

  (module Converter_ACDC:Converter_ACDC_MeanWell_IRM-02-xx_THT (layer F.Cu) (tedit 59FEFB72) (tstamp 5D5E0584)
    (at 108.712 73.66 270)
    (descr "ACDC-Converter, 2W, Meanwell, IRM-02, THT, https://www.meanwell.co.uk/media/productPDF/IRM-02-spec.pdf")
    (tags "ACDC-Converter 2W THT")
    (path /5D72995A)
    (fp_text reference PS1 (at -0.8 -4.8 270) (layer F.SilkS)
      (effects (font (size 1 1) (thickness 0.15)))
    )
    (fp_text value IRM-02-12 (at 15.14 20.15 270) (layer F.Fab)
      (effects (font (size 1 1) (thickness 0.15)))
    )
    (fp_line (start -3.1 18.95) (end -3.1 -3.75) (layer F.CrtYd) (width 0.05))
    (fp_line (start -3.1 -3.75) (end 31.1 -3.75) (layer F.CrtYd) (width 0.05))
    (fp_line (start 31.1 18.95) (end 31.1 -3.75) (layer F.CrtYd) (width 0.05))
    (fp_line (start -3.1 18.95) (end 31.1 18.95) (layer F.CrtYd) (width 0.05))
    (fp_line (start -2.97 18.82) (end -2.97 -3.62) (layer F.SilkS) (width 0.12))
    (fp_line (start 30.97 -3.62) (end 30.97 18.82) (layer F.SilkS) (width 0.12))
    (fp_line (start -2.97 -3.62) (end 30.97 -3.62) (layer F.SilkS) (width 0.12))
    (fp_line (start -2.97 18.82) (end 30.97 18.82) (layer F.SilkS) (width 0.12))
    (fp_line (start -2.85 18.7) (end 30.85 18.7) (layer F.Fab) (width 0.1))
    (fp_line (start 30.85 18.7) (end 30.85 -3.5) (layer F.Fab) (width 0.1))
    (fp_line (start -2.85 18.7) (end -2.85 -3.5) (layer F.Fab) (width 0.1))
    (fp_line (start 1 -3.5) (end 30.85 -3.5) (layer F.Fab) (width 0.1))
    (fp_text user %R (at 14.03 7.47 270) (layer F.Fab)
      (effects (font (size 1 1) (thickness 0.15)))
    )
    (fp_line (start -1 -3.5) (end -2.85 -3.5) (layer F.Fab) (width 0.1))
    (fp_line (start 0 -2.5) (end -1 -3.5) (layer F.Fab) (width 0.1))
    (fp_line (start 1 -3.5) (end 0 -2.5) (layer F.Fab) (width 0.1))
    (fp_line (start -2 -3.95) (end 4 -3.95) (layer F.SilkS) (width 0.12))
    (pad 3 thru_hole circle (at 28 0 270) (size 2.3 2.3) (drill 0.76) (layers *.Cu *.Mask)
      (net 4 GND))
    (pad 1 thru_hole rect (at 0 0 270) (size 2.3 2) (drill 0.8) (layers *.Cu *.Mask)
      (net 57 "Net-(C5-Pad1)"))
    (pad 2 thru_hole circle (at 0 15.2 270) (size 2.3 2.3) (drill 0.8) (layers *.Cu *.Mask)
      (net 56 "Net-(C5-Pad2)"))
    (pad 4 thru_hole circle (at 28 7.6 270) (size 2.3 2.3) (drill 0.76) (layers *.Cu *.Mask)
      (net 51 +12V))
    (model ${KISYS3DMOD}/Converter_ACDC.3dshapes/Converter_ACDC_MeanWell_IRM-02-xx_THT.wrl
      (at (xyz 0 0 0))
      (scale (xyz 1 1 1))
      (rotate (xyz 0 0 0))
    )
  )

  (module Fuse_Holders_and_Fuses:Fuseholder5x20_horiz_open_lateral_Type-II (layer F.Cu) (tedit 5880C40E) (tstamp 5D5D2B43)
    (at 50.292 62.484 90)
    (descr "Fuseholder, 5x20, open, horizontal, Type-II, lateral,")
    (tags "Fuseholder 5x20 open horizontal Type-II lateral Sicherungshalter offen ")
    (path /5D63C7D0)
    (fp_text reference F1 (at 7.61 -1.21 90) (layer F.SilkS)
      (effects (font (size 1 1) (thickness 0.15)))
    )
    (fp_text value Fuse (at 7.56 7.44 90) (layer F.Fab)
      (effects (font (size 1 1) (thickness 0.15)))
    )
    (fp_line (start 20.76 6.5) (end -5.39 6.5) (layer F.CrtYd) (width 0.05))
    (fp_line (start 20.76 6.5) (end 20.76 -1.42) (layer F.CrtYd) (width 0.05))
    (fp_line (start -5.39 -1.42) (end -5.39 6.5) (layer F.CrtYd) (width 0.05))
    (fp_line (start -5.39 -1.42) (end 20.76 -1.42) (layer F.CrtYd) (width 0.05))
    (fp_line (start 10.88 5.08) (end 10.88 2.54) (layer F.SilkS) (width 0.12))
    (fp_line (start 19.64 0) (end 19.64 5.08) (layer F.SilkS) (width 0.12))
    (fp_line (start 10.88 2.54) (end 10.88 0) (layer F.SilkS) (width 0.12))
    (fp_line (start 4.32 5.08) (end 4.32 2.54) (layer F.SilkS) (width 0.12))
    (fp_line (start -4.44 0) (end -4.44 5.08) (layer F.SilkS) (width 0.12))
    (fp_line (start 4.32 2.54) (end 4.32 0) (layer F.SilkS) (width 0.12))
    (fp_line (start 1.82 0) (end 13.38 0) (layer F.SilkS) (width 0.12))
    (fp_line (start 13.38 5.08) (end 1.69 5.08) (layer F.SilkS) (width 0.12))
    (fp_line (start 4.32 -0.89) (end 4.32 0.13) (layer F.SilkS) (width 0.12))
    (fp_line (start 4.32 5.97) (end 4.32 5.08) (layer F.SilkS) (width 0.12))
    (fp_line (start -5.21 -0.89) (end -5.21 5.97) (layer F.SilkS) (width 0.12))
    (fp_line (start 10.88 -0.89) (end 10.88 0) (layer F.SilkS) (width 0.12))
    (fp_line (start 10.88 5.97) (end 10.88 5.08) (layer F.SilkS) (width 0.12))
    (fp_line (start 20.53 -0.89) (end 20.53 5.97) (layer F.SilkS) (width 0.12))
    (fp_line (start -4.44 0) (end -1.65 0) (layer F.SilkS) (width 0.12))
    (fp_line (start 4.32 0) (end 1.65 0) (layer F.SilkS) (width 0.12))
    (fp_line (start 4.32 -0.89) (end 1.52 -0.89) (layer F.SilkS) (width 0.12))
    (fp_line (start -5.21 -0.89) (end -1.4 -0.89) (layer F.SilkS) (width 0.12))
    (fp_line (start -4.44 5.08) (end -1.65 5.08) (layer F.SilkS) (width 0.12))
    (fp_line (start 1.78 5.08) (end 4.32 5.08) (layer F.SilkS) (width 0.12))
    (fp_line (start 1.78 5.08) (end 1.65 5.08) (layer F.SilkS) (width 0.12))
    (fp_line (start 4.32 5.97) (end 1.52 5.97) (layer F.SilkS) (width 0.12))
    (fp_line (start -5.21 5.97) (end -1.52 5.97) (layer F.SilkS) (width 0.12))
    (fp_line (start 10.88 -0.89) (end 13.8 -0.89) (layer F.SilkS) (width 0.12))
    (fp_line (start 20.53 -0.89) (end 16.85 -0.89) (layer F.SilkS) (width 0.12))
    (fp_line (start 19.64 0) (end 16.97 0) (layer F.SilkS) (width 0.12))
    (fp_line (start 10.88 0) (end 13.67 0) (layer F.SilkS) (width 0.12))
    (fp_line (start 19.64 5.08) (end 16.97 5.08) (layer F.SilkS) (width 0.12))
    (fp_line (start 13.38 5.08) (end 13.92 5.08) (layer F.SilkS) (width 0.12))
    (fp_line (start 10.88 5.97) (end 13.92 5.97) (layer F.SilkS) (width 0.12))
    (fp_line (start 20.53 5.97) (end 16.72 5.97) (layer F.SilkS) (width 0.12))
    (fp_line (start 10.91 2.54) (end 4.41 2.54) (layer F.SilkS) (width 0.12))
    (fp_line (start -5.14 5.89) (end -5.14 -0.81) (layer F.Fab) (width 0.1))
    (fp_line (start 4.21 5.89) (end -5.14 5.89) (layer F.Fab) (width 0.1))
    (fp_line (start 4.21 -0.81) (end 4.21 5.89) (layer F.Fab) (width 0.1))
    (fp_line (start -5.14 -0.81) (end 4.21 -0.81) (layer F.Fab) (width 0.1))
    (fp_line (start 20.51 -0.76) (end 10.96 -0.81) (layer F.Fab) (width 0.1))
    (fp_line (start 20.51 5.89) (end 20.51 -0.76) (layer F.Fab) (width 0.1))
    (fp_line (start 10.96 5.89) (end 20.51 5.89) (layer F.Fab) (width 0.1))
    (fp_line (start 10.96 -0.81) (end 10.96 5.89) (layer F.Fab) (width 0.1))
    (fp_line (start -4.44 5.09) (end -4.44 0.04) (layer F.Fab) (width 0.1))
    (fp_line (start 19.66 5.09) (end -4.44 5.09) (layer F.Fab) (width 0.1))
    (fp_line (start 19.66 -0.01) (end 19.66 5.09) (layer F.Fab) (width 0.1))
    (fp_line (start -4.44 -0.01) (end 19.66 -0.01) (layer F.Fab) (width 0.1))
    (fp_line (start 0.01 2.54) (end 15.36 2.54) (layer F.Fab) (width 0.1))
    (pad 1 thru_hole circle (at 0 5.08 90) (size 2.35 2.35) (drill 1.35) (layers *.Cu *.Mask)
      (net 6 "Net-(C2-Pad1)"))
    (pad 1 thru_hole circle (at 0 0 90) (size 2.35 2.35) (drill 1.35) (layers *.Cu *.Mask)
      (net 6 "Net-(C2-Pad1)"))
    (pad 2 thru_hole circle (at 15.32 5.08 90) (size 2.35 2.35) (drill 1.35) (layers *.Cu *.Mask)
      (net 1 "Net-(F1-Pad2)"))
    (pad 2 thru_hole circle (at 15.32 0 90) (size 2.35 2.35) (drill 1.35) (layers *.Cu *.Mask)
      (net 1 "Net-(F1-Pad2)"))
  )

  (module Fuse_Holders_and_Fuses:Fuseholder5x20_horiz_open_lateral_Type-II (layer F.Cu) (tedit 5880C40E) (tstamp 5D5CF84C)
    (at 105.918 62.484 90)
    (descr "Fuseholder, 5x20, open, horizontal, Type-II, lateral,")
    (tags "Fuseholder 5x20 open horizontal Type-II lateral Sicherungshalter offen ")
    (path /5D5B373E)
    (fp_text reference F2 (at 7.61 -1.21 90) (layer F.SilkS)
      (effects (font (size 1 1) (thickness 0.15)))
    )
    (fp_text value Fuse (at 7.56 7.44 90) (layer F.Fab)
      (effects (font (size 1 1) (thickness 0.15)))
    )
    (fp_line (start 0.01 2.54) (end 15.36 2.54) (layer F.Fab) (width 0.1))
    (fp_line (start -4.44 -0.01) (end 19.66 -0.01) (layer F.Fab) (width 0.1))
    (fp_line (start 19.66 -0.01) (end 19.66 5.09) (layer F.Fab) (width 0.1))
    (fp_line (start 19.66 5.09) (end -4.44 5.09) (layer F.Fab) (width 0.1))
    (fp_line (start -4.44 5.09) (end -4.44 0.04) (layer F.Fab) (width 0.1))
    (fp_line (start 10.96 -0.81) (end 10.96 5.89) (layer F.Fab) (width 0.1))
    (fp_line (start 10.96 5.89) (end 20.51 5.89) (layer F.Fab) (width 0.1))
    (fp_line (start 20.51 5.89) (end 20.51 -0.76) (layer F.Fab) (width 0.1))
    (fp_line (start 20.51 -0.76) (end 10.96 -0.81) (layer F.Fab) (width 0.1))
    (fp_line (start -5.14 -0.81) (end 4.21 -0.81) (layer F.Fab) (width 0.1))
    (fp_line (start 4.21 -0.81) (end 4.21 5.89) (layer F.Fab) (width 0.1))
    (fp_line (start 4.21 5.89) (end -5.14 5.89) (layer F.Fab) (width 0.1))
    (fp_line (start -5.14 5.89) (end -5.14 -0.81) (layer F.Fab) (width 0.1))
    (fp_line (start 10.91 2.54) (end 4.41 2.54) (layer F.SilkS) (width 0.12))
